72200229800
72225714500
72200147200
72230157000
72250002300
72200168100
72245003300
49820549800
72230150900
72290005700
82200008400
72200110500
72200101000
49100011100
36125707900
36100002400
72200205900
26500808700
72200083600
49185001700
25072003814
72200328300
57630112500
72200183400
72230135205
72200321200
72200227800
72200278700
72200274200
72200132800
72200235500
49172004100
72200247900
65300001400
62300604000
72400029500
72600046700
72200239500
72200101701
27372004100
72200147800
26290010200
72200234800
72266214400
72200033805
72200038700
72266226900
22266200801
72200328100
72200090800
72200316600
72200033800
94100192200
72295001400
62400607200
91600147800
36172003300
72200218500
72200138400
72200334900
94172005400
26990006800
82200039200
72200238200
72200034700
49100011800
57200026400
49130109200
72200257100
72272019500
72266223500
72200099200
72271200500
72430113900
72266225500
92185001000
91685001200
62400153600
72230127806
27900003100
72200157500
49000314100
98001435300
36130105401
72200307000
72295006400
59400029900
58300446800
72270002200
72200328900
72230125400
49820372200
61100438600
49130109500
91608600500
36172001300
72290004100
91666202500
36145001100
36100005100
72200103800
72230114400
72230105000
72266223800
28400139100
49172004700
26500938904
62400616000
58229041000
36108700600
49820549000
72430113600
49820551000
98001332600
99000123200
36125702900
72200011100
36108700900
72200042600
72200258200
62300602200
91625703000
72230154600
29030107300
72200256800
62300604400
72272001200
72245004700
91630123400
72200197900
72200062700
36145001400
49000332500
54192234100
49166202400
82000118100
72200083700
72266209200
72200045900
72200320000
29030103700
72200061700
62400607300
72200227200
72230127705
14100007811
72200154000
72266201300
49920028900
26966211000
49200256000
72200148900
22250000201
72200029801
51192208400
54192234700
62400838700
72266214200
36108602000
99000156200
72200328000
72266221400
72272018800
14127003200
82000117800
72230127800
72200184300
72230100305
36172005200
49200097400
36108701000
22272008401
72200264300
72272003000
72271203000
98000059100
72200266600
36107900700
72200278500
72200261300
72200065300
72200092200
26600315600
72200321700
51192208200
72285003200
72225703400
36172003400
36108603500
72225714600
62400146700
72200101301
72200256300
72272021300
92700012800
91600148500
72200037500
72200035300
62400606300
72295010900
91600047300
26929010700
72230138000
72200097100
26300039300
72200066200
72200011600
72290006400
72200090700
49000155300
72200113000
49810548300
72200329100
72269007000
62300614100
24300010000
72266213400
72430113500
25025703114
72271201300
49130108100
72230100200
36130104901
72200096300
72295003000
28400001600
94172007400
72200038900
72266222400
72266215400
72230143901
72200248500
72200299400
72472009100
36125705000
72266212600
96000024700
61100459000
91672009024
27472015100
65100138500
36107900400
72200316400
92130106000
72200161000
72200333600
27300073400
36172005100
49100012700
72200126300
72200205100
72295008900
49190001600
72200192100
72200183500
36185002200
36108601200
36100009400
65100134300
82400040100
28400130200
72200066300
92130106100
91600129200
72200227300
91629004300
27630107900
62400617400
26300065200
72200057700
72230154200
36145002000
72200012400
72200023800
36185005000
26172033000
27900003200
72200334500
28400034300
58300028600
32100006300
36108603700
49166202300
72200326200
49172004800
94172007200
72200165200
26500084700
14108004800
36108604200
36150000100
72200059600
82100532600
49172000100
72266213300
72290009500
72200053500
26600817200
82400039900
72200050500
26972026200
72200165000
72200063300
28400119100
72200339100
82000117500
23925700223
49000326200
72430114100
36125707500
72200047200
72200217500
72200210700
72200163000
72200278400
72230158700
72200218100
72200042000
72200205600
49130110600
49000304400
72200002600
72229007400
62000055100
72200053400
17229003225
36172006600
72200029400
36172005800
28425703800
72266208900
62500202800
72200236900
28400030700
92700013100
72200217100
36130105301
14130115700
72200146200
72285011000
65100135000
72200154100
36172007800
49000332900
72200104000
72200199700
92700015100
72200162000
82200273700
62300352100
72225718000
72200264100
62300347200
72200146000
26500010200
98004187800
57700232400
72200292400
49800014600
58300064600
72200183100
49129001600
98004198000
94172008200
36108602200
72200149300
72200203800
72230168800
72295011800
91600013800
72200024000
36150001000
72200123900
72200261800
72200003700
72285003300
22295000801
24300009700
36125703200
99000156800
72225703800
72200058200
72200193100
72472008700
72200018500
72200166700
72272021500
18330106100
72200105500
36108604100
36145001500
72230166400
72200322600
72200083500
72200035800
96200112300
72200066400
27900003900
26600456400
72272011100
65100134800
72230113700
62400147900
72200336600
36125707100
72200339700
72230101000
72272011005
26500098700
72200211600
26925710200
94110002200
49125700800
72200216100
72266208000
99000156300
72200256900
49210000100
62500335900
72230126200
72200324800
41600009400
72230114300
72200228400
72290001800
72295008800
72200118700
96100020700
72200157400
36108003400
72200256100
26930129400
36166204000
62400606200
67129000100
82400040400
72200325900
72200036500
72200082600
21790001000
72229007500
72230165200
49000331900
72200327700
91629004500
72200095600
98004169800
72230148300
72200014400
72200322200
82100532200
65100134400
72200236200
26272016000
49190002100
58200028300
72200232100
72266219800
72225708900
49130110200
22100019000
36125709800
72230132200
49100011400
72230148500
72200320700
21930115804
72430108500
72200293200
36172004600
72200057500
49190001900
18988005000
72200257000
62500202700
91600148900
98002209400
72200010200
26500379100
72200072500
26600010200
72200299200
72225702605
72200144200
72272013600
72200044800
72272005100
72200130700
72200326000
49000332000
36130105001
98004189800
97500039700
49100030600
72200096700
82200270300
62400604300
72200082700
62300602500
62300603700
25030105814
62300352000
36125700300
72200124700
49100030300
49820372700
49172003500
49130104600
62300601900
72200152400
72200163200
72200237400
26600939800
62300603800
72200282400
91630123500
49100049600
49820549500
28371200500
25030108414
49000285900
72200030700
72266227800
72200327300
72250005400
72600032900
72200052500
22245000301
62400342100
49130108700
72200284800
72245000100
36172002400
49000263000
26500924900
72200193200
94129002200
72200297900
72200040400
26300044700
36125703000
36230109800
28371201000
98002643900
72200216300
36145001800
49100011900
72200034600
59000027500
36125710500
82400040000
72200326500
82100098750
31630108701
26972010200
72200001500
72200058600
72266212700
98004012000
29890000100
24330108804
72200217700
72200301500
72271202800
36125702800
72200096400
32712958100
72266201200
25030103014
72229009300
72490001800
49172003900
72285002000
36172000100
72200238300
72200290900
72200118800
26500935000
72230135200
72200032400
72200190600
72200285500
72222500600
36100003700
72272003200
49000336900
72200328800
91672007300
72200038000
72200256700
49830409500
72200051300
23925700123
72200231800
62400610600
72200032500
58300117200
72200060000
72200257400
72200244200
72271201400
36188007100
36172007100
72430113800
72230132300
49100036500
98004197700
72266201700
72200050300
72271500100
49000314200
72200215200
91625703200
72200077500
72200093400
62300623500
72266219600
72200000700
26972012900
72290009600
22230111625
26125708900
59300078900
51192208500
72200148100
72266222100
72200326700
72200232300
72200111400
24530108604
72225703300
36108603400
72200153800
36185004300
72290002605
72200061500
72272018601
36108003300
49125700700
62400155300
72266209300
72200111100
72200022100
27172010200
72200321500
28090001000
32190000525
57210003500
49800084600
36172006100
72200338700
49130113900
49830549400
72200211100
72272029200
82000117600
72272009500
72200025400
72200228500
27425702400
82100524730
36172001700
72229009400
61100470700
72200182900
25030108814
26930124900
26395000100
18200006900
72200204900
72200327800
72200152800
72200029900
72200161800
72271000100
72285008700
72200041600
59300078600
72200109700
72200101700
72200041900
36127003300
58290026400
72200121200
72200041500
62400610100
49100020700
72230150801
72200271700
72290001700
36172007300
72266208901
49830550800
72200248600
49100049800
49820549600
72200208900
28400134300
94110002400
72229009100
72200129500
25266200701
72200211400
72200278900
82000114700
26329008000
72200085700
58229041200
72230162200
72200106200
72230164700
72225705500
72200194100
72200257900
72200338800
72200132400
82400041100
72269000400
72289000500
72266212000
49820545300
72230155100
72200104400
72472008500
36172004100
72200058700
26188603700
72270000600
72200134000
72266214700
36185000900
72200169200
49810548500
36125700400
72200238900
72200110300
72272036800
91685001400
29872002100
72200238700
72200042300
72200050100
72200212100
72200024500
72266224000
72200255700
72200026700
49125700500
72295009300
72230172500
72230100100
36300008800
36150000900
26600494300
72200117600
36172005500
61100380000
72250004800
22295000901
72200169300
72230108000
72200213700
94172007100
72200201300
82400038700
36300015200
29890000300
72200187700
72200333400
72200007400
72200121100
72200299300
72200138100
72266221700
72700045600
62500328300
72266206500
49200255800
72200112900
72200117200
72200247100
98002530900
57100063300
72266216000
72200007700
59000027400
72250004900
72200001600
82000117700
72200064600
62400265500
36125709700
72200257200
62300599300
72200341200
14100054100
99000154800
27972000800
72200271300
72200325300
72245001700
72272021301
36172007500
72200232500
22230114702
72200036001
72225717700
36100007800
36188700600
72200315400
72266223700
72200333500
72200017800
92125702500
72229007700
72200276300
49172003300
72200070000
62400605900
91630123000
72230137000
72200076400
72200239800
72266216700
26972025400
72200023700
72200328700
72200003400
72466207100
72200038100
72200279000
27900003600
72225718600
49172004900
49830050800
26972026400
72600046600
72230126100
49130110000
82200271900
36107900300
72266223300
49125701000
22288600402
49130112500
36108602600
72272011000
72200220800
72200228000
57700173100
72266208800
72230143500
54192234200
72250007100
98002543000
91630123100
36172004200
94110002500
62300618900
72209800300
62400155500
72200029300
36150000800
72200211300
72200038800
72200228900
57100063500
72230131400
91600129800
72285012000
26600817100
49190001500
27495001900
72200130900
72230144000
72200214400
72200020100
72200282500
72200129105
72269001800
82100532700
29030101600
36108002000
62300603200
72230100800
72200057005
49166201800
72272024300
65000053000
72200115400
22272007600
72200325400
72200138500
72270002100
82000117900
72271203100
72200339800
28400008100
72200160500
98001436400
49100046500
51192208100
36108603300
72225713900
72200299800
72200054400
72229009801
24300009600
72200153000
72200327100
72200153700
27966202100
72230103000
72200057600
72200099300
72200339400
92629004000
72271202600
49100010600
72200019900
82200273600
72466207200
62400604800
11196017900
26600478700
72230138400
26166214900
72266208700
72200325800
72200235700
36188500200
61100424400
72200101900
72200162700
72200085300
72295011900
49166201700
72200050800
72200338900
72200060100
36108604700
72266205800
72200152600
26600461200
61100422500
72200321400
72285003400
72230168600
72200161300
58230234200
25066205114
72200334700
62400606900
72200151200
26500935504
72466207300
72200134600
49000335100
26966212900
72271200100
72285011100
57700231500
72200082300
72200328500
33169050310
72200101200
26500927000
28400134600
72230150800
92172004000
72230158900
51192130600
72272005005
72200285600
54192214300
72271200900
62300602000
72200244400
72225717200
72200201500
72200031300
36185002100
72200206300
72200191400
36125708100
49172003700
49820549300
49130101500
72200111300
36169000600
72200115500
91630123200
49820545200
72200292500
72200183700
24771200200
49130111700
72230159400
72200060500
59000027000
49130112200
22130103800
72225717100
22250000101
28400040300
24472001325
72230131500
72200025700
29030107400
36185001000
26130151304
72200088305
72200196400
36185001900
72230174300
22200012223
72229009200
58300096100
49820547800
72225718500
36172004000
72200202500
72230140100
72229007401
49129002400
22100031700
24300009300
49125700600
72200333100
72200070900
49000186200
49130114000
26500933804
61100422300
61100470800
22295001001
72200261700
26930132200
49129001300
24300009000
82100532300
36108003500
72200073600
72200102100
92625701000
91630121723
14100046807
28400111500
72200067300
72200199600
72269006800
28400129800
49130108400
72288500100
72200301300
72200325000
72200066100
72200276400
72200001300
72200001200
29830100500
72200325500
72272013100
72200261600
49172005000
72230151400
72200141900
72225717600
62400604100
72200329000
72200054200
36172002101
72200257500
72222500500
72200083900
36288700200
26272016100
36172006500
26930129500
72700045500
72200000200
72230155101
26500910600
72200057900
72200068900
26972022200
72200107800
72272001300
62400616900
61100470900
29872001300
36125707600
72200309000
25072001814
72200274100
25072007214
72200233100
72200145300
72230172600
61100135800
72200029200
72200081800
72200136700
72200061400
36130102400
59300077500
72200212700
49172001000
72200328400
36145001300
31666204201
72200052400
72200108500
72200099600
49130111300
72200250100
36172002201
72200258500
72200135400
36188007000
36107900500
36172006000
36172003500
72200029800
26966204000
36185004800
72200245900
65100093500
91666202400
36172001600
72200306900
72271500200
36129000500
49100030100
49000333700
98000064600
36185004900
36185002700
62400157500
72200100200
36108602100
72430114200
49820548100
72200231900
72200044400
49100011200
72225713000
36130105200
26372009800
72204700400
49130109100
72200233300
72200227700
72200282600
72200099400
72200143700
36100003800
72200228600
24325702300
72272017300
72200187300
72200211900
72290010300
72271202700
82100532100
72272025900
72472009000
72225717800
72200134100
72900135500
72266219700
36172001800
26345000200
36230109900
72200160400
36130106200
72200036601
72266224200
36108602800
72200221600
72200190800
62300623100
72200065100
72225702705
26329007700
72200064700
36108604800
72200301100
72200111900
49800013200
72200321100
98003112700
72200063200
72200058000
72200095100
72200335200
26972016700
94129002000
82200272000
72200207000
26500938200
36172002900
61100468900
61100470600
49820548900
36100005500
22166203101
36123601000
72200202400
82400040500
72200162200
62300623400
72200274300
59000027100
49130102200
72200091800
21966203600
72200291100
72200011400
58272101500
65100023300
72200054600
32712391400
72200257300
58390003300
72245003100
49820550600
72200128100
72200326900
72225705100
91600129900
72271202000
72200265100
72285002100
72290005300
72230100300
36108003600
36185004700
72285006600
72200303500
26500935604
99300023500
72266214300
72200333300
72230101400
72272005000
72200284300
72200140100
21930113300
27900003700
49100032600
72230112000
49000326100
72200116900
28325704600
72200019000
54192232100
72200047300
62400609000
82100531900
72230146000
72245004400
26500934204
72272024800
28366207200
72200263300
72200026300
72200204100
61100422100
72200217200
82100532400
26930124200
72290005200
49172003200
72200060800
72200205300
49125700400
72200002500
54192232000
26930117400
72200248400
72200070100
82400039400
31630101223
59300067800
72200047101
94172007700
72200238100
26390005000
28400007600
36185004400
72200221400
72269004700
72200322500
72200214100
72200023801
72289000600
49820549400
72200063000
72200060700
72200055000
72272034200
28425703700
72200244500
26500932500
72200206000
72295007800
49130110800
72200317000
54192231900
36125707700
72200324500
35900000300
72200281600
49130107900
72200325100
72200001101
72200232700
72200112000
72225705200
72230111900
94100193300
98002419300
72225718100
17266203300
59200050100
62500249100
49000341300
92625700900
72209800400
54192233100
72200206500
72200081700
62500038500
22100041000
94172007600
49820548200
49820076600
72200212000
82400041500
72200245700
72200213600
72266222000
26930132800
98001826400
72266213700
72200056800
72200232400
36107900800
72230100500
28400013000
72200275300
72270001800
54200050400
62300603100
283720095000
49190002200
36108604300
29030103800
72230100400
72229008900
36100003000
72272011105
72200229500
36100005000
28400001700
28400107700
94110002600
72230110900
72200197600
72290007600
29830101400
97500039600
27172032700
49190001200
72200236600
72200275200
72200235900
72266207800
72200130800
59200032600
21700000900
72200338500
72200160900
72200042700
72200061100
72272002500
72200054800
72200326400
72200327400
72200227900
72200332600
72200145100
26600932800
49130109600
72200288200
72200161100
72271500500
72230127700
98004197600
72200211700
72200059300
98002477200
36172005700
72200322300
36172005900
98008603700
17972003400
49200256200
72200108300
72290002505
72200061600
92185001100
72200189900
72200108000
72266224300
36100008700
25072001714
62300333300
72200006300
72200290600
72200212500
36130106100
72200196200
72200037700
72200119100
72230158600
72272033600
49100035900
72272018600
72230154700
24530153801
72200296300
72225715100
36188001600
36125707200
62300333200
82200165600
26930132900
72200325200
72200053900
62400605300
49820550900
72230131300
72200067200
92700003700
72200194200
72200274600
49190001800
36100003100
72225714700
49100010300
62300617400
62400605500
36100005600
72200237200
62300603900
92700013000
49100010500
72200153900
49130112100
72200316300
82400038800
36230110000
72272013700
72200036501
72230143600
36108604400
72200239000
36172005600
27190014900
91629004700
72266208600
49166201400
72225719100
72266206100
72272040500
36172002500
72200024300
18188500400
72200161200
72230144001
72200149400
72200084600
36185004500
72271202900
72230155400
72229006700
72200053100
49830191100
72200190900
22100022100
36130102600
98004141000
72266214600
49166202100
49000330000
36108601100
91600127100
72295012300
72250005300
24725700200
82100532500
72200036600
72200338200
72200134300
72230175100
72290002600
72200096200
36125707300
49130111400
26972028200
72230138100
72200110400
72200327000
72200003600
72200088500
49830550700
26900022200
72200161500
72200123800
72200254900
72200223400
72200105700
72200319400
72200254600
57200026500
25329004400
72200283700
72285003700
31208013000
29830101300
72200000600
72230155200
72271200400
72200020200
54192234800
72200278600
72200247800
26972022300
72200084100
72200131500
72200141600
26929011500
36125701600
72230176300
92672004000
98004168300
62300619700
72200320500
49129001900
36185002800
36108601900
72272034300
36108601800
72200231500
58400019600
62300602100
36125710600
72200021000
32184700300
62400613200
91630123300
49100010200
72225717900
72200296500
98000509600
72200258600
72272005105
17100031000
72225706000
72200255500
72229001200
58300446900
72200271000
72266205805
72200070700
49820549700
72200054100
72200232600
26566200400
49000338600
36188700500
26500938804
72200088700
72200288100
72200129600
28400018300
72295011700
72200129005
72229001300
36125701500
72200315600
72200035700
36125707800
26500123800
72200229000
58271200100
72200024400
49190002000
72269000300
91688502000
28400008700
72200164700
72272009100
72200099500
61100468400
72200232800
36100005400
72200299700
72200050400
94110002700
49172005100
72272036700
72200066500
72200169100
49130111800
72230140000
72200236300
72266223900
49129002000
36108001900
36150000600
94110002100
49100051300
72200301700
72222500400
72266206000
49000330100
72230143900
72200051200
62400605700
72230167200
72230131900
72200117900
36125701200
32100006200
49100010000
49000193000
72200285000
72200202600
36130103300
72272017001
72200276500
72229013200
72200334600
72200212400
72250000800
72200058500
36300015100
72200161900
72230114500
72269004600
94189200100
72200097600
22295000201
62400606800
72269005000
62300318000
59300078700
72200147600
62300347400
72200090500
36169000400
72200022600
36188600700
72200196300
49820550200
72200044500
62400157400
72200103900
72200246400
72229003700
26971201600
72272016400
24330108604
72400060500
26500040400
72200129900
98004189700
72266208100
24300009400
72225714900
28400178800
72266214000
41200004400
26972024200
36188001800
27900003000
65100139800
49200053500
72266201600
91600098300
26500457000
26500931000
72200001001
72200132900
72200134700
72200096301
62000036300
36172008000
72200285200
72230145901
72200334400
72200037800
72200018200
72230167900
94108603000
72200211500
24300009500
57200024500
72200122200
49100032700
73090002000
58229040900
81000070400
72200046900
72200147300
98004197900
36172007000
72229012000
72200134400
72200203700
72200100300
72200058400
72200200700
73430113700
49000333000
72200105400
92729001900
72200265000
72200147400
58229030800
49100030500
22290005101
58225706400
72272040200
62400609900
31666201403
72200066600
72200093000
72230131800
72200120300
72200333200
72200195800
72225705300
91629003300
36172005000
49000338400
36130102500
62400151100
72200235400
57700235600
72266222200
72272017000
36188001500
36125703100
72200298000
57690005500
36108602500
54192232200
72200232000
36108602400
26995006700
72200162800
26600854000
72230137900
49166202000
27190003500
31700000201
72230139200
65100134900
98004174000
32184700100
72200054500
99000154900
49100011700
94172007300
72200223600
72200002800
98001818700
72430114000
36108603800
72200070800
27630117000
36145001200
26966214900
36172007600
72272013101
72200036000
72200242800
24525701100
72200335000
72200329200
27390000900
36100005700
72200161400
72200127500
26972013100
36108603600
72230145500
49000316400
72200293100
26972025800
72272021600
54192233200
72230101800
72200229200
72200151100
72200051100
72200206600
72200200800
72200320900
72225715000
49000338500
72200327500
72200341300
72200144100
62300602600
72266224800
22200016001
36172002200
72200000100
72266214500
72230101300
32130103800
36108604600
72200038300
36125708000
25325750600
82400040200
72200270600
36171200200
49166201500
72400060600
72230175000
65100140000
62400615900
36150000700
72230166300
72295007900
94166206100
28400061700
72200160800
72229002400
72200158100
28400007500
28400118500
72200023701
27990001000
26929011600
94110002300
49190001700
65100058200
58300003200
34169002900
36130106000
72285002200
72230117600
51192208600
49820548700
49100010800
26600907700
72200256400
72200161600
72200166701
26966212200
72200018100
72200121900
72272029300
36108603100
36172006400
72200324400
72200093500
26188004800
72200237300
72200026100
49172003800
72200326100
28400117400
72200335100
72200188800
36172007700
72200001700
36125701000
72200163400
72200287600
72200058300
72200047700
72266225600
92700015000
82200273500
72200012200
72200248700
72400061300
72200150300
72200336800
72200338600
72230132800
36172004500
72270001000
27625706700
72230100900
72230110000
49100030400
49129001400
57700232700
72200255600
72200325700
49129001500
59300078800
62400612400
72200037900
72200021100
72200011800
22295000900
49000304300
72200036700
72200062800
49800044400
72200281700
72200192900
57700189600
72230125300
72200032300
57100063200
72200052300
72295012400
72245003200
49130108200
59200050000
72230151300
72200317200
72272029100
72200105600
72200238800
72200223700
72200327600
72200124800
72200126800
49172004500
72200297200
72200321300
72200046500
49172004200
72200121800
72200299100
72266227000
36172006200
72200131000
72200083800
61100270500
72225717500
26945002600
25030114714
72200340800
72230166200
72230148200
94129002100
72200150900
26500647500
72200053200
72700054200
72200224000
28400134700
72200244300
62300620300
36108602300
36172006300
72200204000
72200001800
98003806500
72200161700
72400061200
91685001500
72200221500
72200022800
62400153500
58200028000
26500936104
72200038200
36130102300
29030107600
72200282800
36188600800
22230112001
94172008000
72295001500
93166203000
62400146900
51192207900
36166203700
51192207800
72200033700
25030109914
72250000700
61100469600
72230153200
36172003200
49172004600
36100005300
36172004400
72266214100
58266263100
49100010900
72200120400
72200038600
72200051201
13150000100
61100471100
58325703100
72266205705
62300617900
72200065700
72200334800
72200047100
36172006900
92629004100
72200101100
28400117200
94172007900
49820547900
72200201400
36108604500
72200212900
72225713200
72285012100
49100035200
72225703600
72285006500
36185004600
72200283500
72200197700
72200199500
72200282900
98004172700
72200208500
72200328600
36100008800
72271001100
72200109800
59000027200
72200168200
72200291000
72200257700
62400155800
62300602900
49130108500
26990006400
72285001900
26930122100
72290005000
72200050700
61100424200
36172004300
81000070500
72200324600
27900003300
36108602700
72272001900
72200320600
72200205500
49172004400
72230131600
36172004800
21971222900
58300081900
72272001100
28500117600
72245000400
49000101600
72200302100
72200108400
72230166600
72200150200
72200038500
72200318700
29029000500
72200121300
72229009500
24300009800
72200319900
72200303600
72225713300
94110002800
72200216900
91625703100
49100030200
29800006300
27900003500
72200061800
98004153300
72230167800
72266225400
62400606700
72200124900
36169000500
72200197800
72200067400
61100135900
72200238400
72200337700
62400839900
91688502100
64000014500
98004172600
51100014400
36130105900
49125700900
29072005500
26925708800
72290005100
36166203900
72200247700
72230100405
27900003400
72200134500
58271205700
72230113600
72200088600
72266205700
49166201900
72200223500
26925701300
59200049900
72200221700
62300347300
72200255900
72200323300
72200033705
72200197300
72200324700
36130101500
72200197400
36150000200
72472007800
72200052800
72200058100
72200033201
36172003000
72200220900
49200255900
36172002800
72900023900
72200026900
62400617100
72200242900
72200213200
72230175400
72200035900
72200131400
81000060000
72200019901
49130111600
29072004800
27372002300
72200106300
72285011800
72200327900
36172002600
98002416600
72200286800
72200026800
72200105100
72200317100
62300619000
49820548000
72200301800
28400009300
72200286700
65100138800
72200324900
72200084000
72222500300
29895000100
72269004900
72700044600
82400039200
36108603200
72200217000
36172002100
36172002700
61100136000
72200339500
72200093600
72266205600
72245000200
72200026000
72229009000
36188007300
72285012200
62300619600
98002540400
72200000901
72200105000
49129002300
72200223900
36172004900
72272017100
36172004700
72200101600
82100406000
24300009100
72200339600
72200107100
93166203100
49100011600
36172005300
72230100700
72200134200
72200248100
82100531700
72200032600
72200205000
72230114200
72200040500
72200257800
32184700200
72200332400
62300619200
72200194900
49130112800
72266224900
72285004100
98004172500
72200133700
92700012700
72200152900
72200127900
26500335400
72200217900
49125701200
72200325600
36108700500
26225709200
72266208801
72200339300
72200256000
26972027800
72200021200
72200211800
72200113100
72472008600
72230166700
72200035901
49100011000
72200117100
72295007500
72266215500
94172008100
72200213100
28400018400
22166202101
72200026400
62400301300
36172002300
49166201600
72200339200
72200052700
22229005601
72200233200
26500934400
58229041100
72200085500
26600134800
98004171400
26990006900
26500924800
82100532000
28400111700
72200163100
72200245500
72245003400
94129002400
49100010400
72230164600
33188005700
72200229100
28400102900
72200209000
72266205605
72200062900
72200203900
92629000400
72200263700
49166201100
72200256200
72200017500
72230131700
72200084400
72245004300
72266211400
91600090600
26600853900
72200341100
72266222500
72230155201
99000082800
72200326300
72200050201
72250002600
72200162100
22272009201
27625704600
49130109900
49129001800
49130101400
72200285400
26108603100
72200283600
72200124301
72200326600
72200287700
36125700900
28371200900
72200093800
72200301400
72200035200
14108009000
94172007000
72200328200
72200051000
72200316700
82400039100
26500934900
82400039600
22100051900
72266225300
72200212600
72700043000
72295007400
72200007800
72266226800
72200056905
72200339000
26500940900
51192208700
72200223300
25072002214
62300610600
72200246000
91685001600
72200065800
72271500700
26929004400
49129002500
27630102900
26130136105
72200038400
72200001400
72266227700
29800005500
72290004400
72200205400
72200265500
36150000500
32712206200
72295010800
